Webots Project File version R2020a
perspectives: 000000ff00000000fd00000003000000000000000000000000fc0100000001fb0000001a0044006f00630075006d0065006e0074006100740069006f006e0000000000ffffffff0000006900ffffff000000010000025800000481fc0200000001fb0000001400540065007800740045006400690074006f00720100000015000004810000008700ffffff0000000300000a00000000b5fc0100000001fb0000000e0043006f006e0073006f006c0065010000000000000a000000006900ffffff000007a60000048100000001000000020000000100000008fc00000000
simulationViewPerspectives: 000000ff000000010000000200000133000006470100000002010000000100
sceneTreePerspectives: 000000ff0000000100000002000000c0000000fa0100000002010000000200
maximizedDockId: -1
centralWidgetVisible: 1
selectionDisabled: 0
viewpointLocked: 0
orthographicViewHeight: 1
textFiles: 0 "controllers/inverse_kinematics/inverse_kinematics.py" "../../../AppData/Local/Programs/Webots/resources/projects/controllers/void/void.c" "controllers/objRecController/objRecController.c"
renderingDevicePerspectives: CameraBot:camera;1;0.788889;0.826562;0
renderingDevicePerspectives: robot:cam1;0;1;0;0
renderingDevicePerspectives: CameraBot2:camera;1;0.788889;0;0
x3dExport-shadowBias: 0
x3dExport-shadowMapSize: 2048
x3dExport-shadowRadius: 0
